# unix_time, cycles_done, cur_path, paths_total, pending_total, pending_favs, map_size, unique_crashes, unique_hangs, max_depth, execs_per_sec
1634200824, 0, 0, 1, 1, 1, 0.01%, 0, 0, 1, 4000.00
1634200829, 156, 0, 1, 0, 0, 0.01%, 0, 0, 1, 7189.61
1634200834, 318, 0, 1, 0, 0, 0.01%, 0, 0, 1, 7828.19
1634200839, 474, 0, 1, 0, 0, 0.01%, 0, 0, 1, 7948.42
1634200844, 630, 0, 1, 0, 0, 0.01%, 0, 0, 1, 7962.71
1634200850, 793, 0, 1, 0, 0, 0.01%, 0, 0, 1, 7983.11
1634200855, 955, 0, 1, 0, 0, 0.01%, 0, 0, 1, 7986.79
1634200860, 1118, 0, 1, 0, 0, 0.01%, 0, 0, 1, 7985.42
1634200865, 1274, 0, 1, 0, 0, 0.01%, 0, 0, 1, 7972.58
1634200870, 1430, 0, 1, 0, 0, 0.01%, 0, 0, 1, 7971.53
1634200875, 1586, 0, 1, 0, 0, 0.01%, 0, 0, 1, 7977.57
1634200880, 1742, 0, 1, 0, 0, 0.01%, 0, 0, 1, 7977.72
1634200885, 1898, 0, 1, 0, 0, 0.01%, 0, 0, 1, 7969.41
1634200890, 2054, 0, 1, 0, 0, 0.01%, 0, 0, 1, 7967.71
1634200895, 2210, 0, 1, 0, 0, 0.01%, 0, 0, 1, 7978.75
1634200900, 2365, 0, 1, 0, 0, 0.01%, 0, 0, 1, 7939.90
1634200905, 2521, 0, 1, 0, 0, 0.01%, 0, 0, 1, 7966.52
1634200910, 2677, 0, 1, 0, 0, 0.01%, 0, 0, 1, 7980.54
1634200915, 2833, 0, 1, 0, 0, 0.01%, 0, 0, 1, 7973.05
1634200920, 2989, 0, 1, 0, 0, 0.01%, 0, 0, 1, 7945.45
1634200925, 3145, 0, 1, 0, 0, 0.01%, 0, 0, 1, 7939.22
1634200930, 3301, 0, 1, 0, 0, 0.01%, 0, 0, 1, 7949.02
1634200935, 3457, 0, 1, 0, 0, 0.01%, 0, 0, 1, 7944.54
1634200940, 3613, 0, 1, 0, 0, 0.01%, 0, 0, 1, 7982.83
1634200945, 3775, 0, 1, 0, 0, 0.01%, 0, 0, 1, 7973.91
1634200951, 3938, 0, 1, 0, 0, 0.01%, 0, 0, 1, 7991.31
1634200956, 4100, 0, 1, 0, 0, 0.01%, 0, 0, 1, 7990.80
1634200961, 4256, 0, 1, 0, 0, 0.01%, 0, 0, 1, 7980.60
1634200966, 4419, 0, 1, 0, 0, 0.01%, 0, 0, 1, 7990.93
1634200971, 4581, 0, 1, 0, 0, 0.01%, 0, 0, 1, 7991.58
1634200976, 4737, 0, 1, 0, 0, 0.01%, 0, 0, 1, 7982.10
1634200981, 4893, 0, 1, 0, 0, 0.01%, 0, 0, 1, 7980.78
1634200986, 5049, 0, 1, 0, 0, 0.01%, 0, 0, 1, 7976.22
1634200991, 5205, 0, 1, 0, 0, 0.01%, 0, 0, 1, 7951.89
1634200996, 5355, 0, 1, 0, 0, 0.01%, 0, 0, 1, 7725.86
1634201001, 5511, 0, 1, 0, 0, 0.01%, 0, 0, 1, 7922.38
1634201006, 5667, 0, 1, 0, 0, 0.01%, 0, 0, 1, 7954.69
1634201011, 5823, 0, 1, 0, 0, 0.01%, 0, 0, 1, 7965.21
1634201016, 5979, 0, 1, 0, 0, 0.01%, 0, 0, 1, 7972.88
1634201021, 6135, 0, 1, 0, 0, 0.01%, 0, 0, 1, 7974.94
1634201026, 6291, 0, 1, 0, 0, 0.01%, 0, 0, 1, 7977.94
1634201031, 6447, 0, 1, 0, 0, 0.01%, 0, 0, 1, 7979.36
1634201036, 6603, 0, 1, 0, 0, 0.01%, 0, 0, 1, 7981.25
1634201041, 6758, 0, 1, 0, 0, 0.01%, 0, 0, 1, 7903.42
1634201046, 6914, 0, 1, 0, 0, 0.01%, 0, 0, 1, 7956.02
1634201051, 7070, 0, 1, 0, 0, 0.01%, 0, 0, 1, 7957.92
1634201056, 7226, 0, 1, 0, 0, 0.01%, 0, 0, 1, 7967.43
1634201062, 7382, 0, 1, 0, 0, 0.01%, 0, 0, 1, 7968.64
1634201067, 7538, 0, 1, 0, 0, 0.01%, 0, 0, 1, 7963.03
1634201072, 7694, 0, 1, 0, 0, 0.01%, 0, 0, 1, 7956.76
1634201077, 7850, 0, 1, 0, 0, 0.01%, 0, 0, 1, 7959.91
1634201082, 8006, 0, 1, 0, 0, 0.01%, 0, 0, 1, 7960.54
1634201087, 8162, 0, 1, 0, 0, 0.01%, 0, 0, 1, 7962.98
1634201092, 8318, 0, 1, 0, 0, 0.01%, 0, 0, 1, 7969.38
1634201097, 8474, 0, 1, 0, 0, 0.01%, 0, 0, 1, 7969.97
1634201102, 8630, 0, 1, 0, 0, 0.01%, 0, 0, 1, 7978.71
1634201107, 8786, 0, 1, 0, 0, 0.01%, 0, 0, 1, 7976.68
1634201112, 8942, 0, 1, 0, 0, 0.01%, 0, 0, 1, 7979.33
1634201117, 9098, 0, 1, 0, 0, 0.01%, 0, 0, 1, 7983.20
1634201122, 9254, 0, 1, 0, 0, 0.01%, 0, 0, 1, 7977.72
1634201127, 9410, 0, 1, 0, 0, 0.01%, 0, 0, 1, 7976.83
1634201132, 9566, 0, 1, 0, 0, 0.01%, 0, 0, 1, 7972.88
1634201137, 9722, 0, 1, 0, 0, 0.01%, 0, 0, 1, 7969.70
1634201142, 9878, 0, 1, 0, 0, 0.01%, 0, 0, 1, 7971.91
1634201147, 10034, 0, 1, 0, 0, 0.01%, 0, 0, 1, 7973.76
1634201152, 10190, 0, 1, 0, 0, 0.01%, 0, 0, 1, 7971.06
1634201157, 10346, 0, 1, 0, 0, 0.01%, 0, 0, 1, 7964.83
1634201162, 10502, 0, 1, 0, 0, 0.01%, 0, 0, 1, 7971.44
1634201167, 10658, 0, 1, 0, 0, 0.01%, 0, 0, 1, 7969.23
1634201172, 10814, 0, 1, 0, 0, 0.01%, 0, 0, 1, 7971.56
1634201177, 10970, 0, 1, 0, 0, 0.01%, 0, 0, 1, 7970.15
1634201182, 11126, 0, 1, 0, 0, 0.01%, 0, 0, 1, 7972.72
1634201187, 11282, 0, 1, 0, 0, 0.01%, 0, 0, 1, 7967.83
1634201192, 11438, 0, 1, 0, 0, 0.01%, 0, 0, 1, 7964.96
1634201197, 11594, 0, 1, 0, 0, 0.01%, 0, 0, 1, 7967.61
1634201202, 11750, 0, 1, 0, 0, 0.01%, 0, 0, 1, 7963.87
1634201207, 11906, 0, 1, 0, 0, 0.01%, 0, 0, 1, 7960.11
1634201212, 12062, 0, 1, 0, 0, 0.01%, 0, 0, 1, 7952.99
1634201217, 12218, 0, 1, 0, 0, 0.01%, 0, 0, 1, 7945.73
1634201222, 12374, 0, 1, 0, 0, 0.01%, 0, 0, 1, 7943.05
1634201227, 12530, 0, 1, 0, 0, 0.01%, 0, 0, 1, 7958.31
1634201232, 12686, 0, 1, 0, 0, 0.01%, 0, 0, 1, 7968.81
1634201237, 12842, 0, 1, 0, 0, 0.01%, 0, 0, 1, 7949.64
1634201242, 12998, 0, 1, 0, 0, 0.01%, 0, 0, 1, 7944.11
1634201247, 13154, 0, 1, 0, 0, 0.01%, 0, 0, 1, 7908.95
1634201252, 13310, 0, 1, 0, 0, 0.01%, 0, 0, 1, 7935.58
1634201257, 13466, 0, 1, 0, 0, 0.01%, 0, 0, 1, 7954.63
1634201262, 13622, 0, 1, 0, 0, 0.01%, 0, 0, 1, 7955.77
1634201267, 13778, 0, 1, 0, 0, 0.01%, 0, 0, 1, 7955.28
1634201272, 13934, 0, 1, 0, 0, 0.01%, 0, 0, 1, 7956.12
1634201277, 14090, 0, 1, 0, 0, 0.01%, 0, 0, 1, 7954.90
1634201282, 14246, 0, 1, 0, 0, 0.01%, 0, 0, 1, 7956.37
1634201287, 14402, 0, 1, 0, 0, 0.01%, 0, 0, 1, 7958.18
1634201292, 14558, 0, 1, 0, 0, 0.01%, 0, 0, 1, 7960.68
1634201297, 14714, 0, 1, 0, 0, 0.01%, 0, 0, 1, 7965.14
1634201302, 14870, 0, 1, 0, 0, 0.01%, 0, 0, 1, 7965.27
1634201307, 15026, 0, 1, 0, 0, 0.01%, 0, 0, 1, 7955.10
1634201312, 15182, 0, 1, 0, 0, 0.01%, 0, 0, 1, 7959.40
1634201317, 15338, 0, 1, 0, 0, 0.01%, 0, 0, 1, 7969.00
1634201322, 15494, 0, 1, 0, 0, 0.01%, 0, 0, 1, 7976.64
1634201327, 15650, 0, 1, 0, 0, 0.01%, 0, 0, 1, 7968.18
1634201332, 15806, 0, 1, 0, 0, 0.01%, 0, 0, 1, 7980.50
